1001
1 97073548
3
2 97073548
1 484486994
1 531790170
1 17594210
1 583960037
2 484486994
2 531790170
2 17594210
1 -439859749
1 947048884
3
2 583960037
1 95135900
1 183945029
1 755595164
1 -67473332
3
1 478830499
2 95135900
2 183945029
1 397200285
1 68117722
1 210588635
1 302295348
3
1 819150705
2 947048884
2 210588635
3
1 310919141
1 79833843
1 339827799
3
3
1 949389811
1 953542878
1 695149521
2 339827799
1 478885241
3
1 782341271
3
3
2 949389811
2 -67473332
3
2 310919141
1 -789499964
2 397200285
1 734588281
1 799227388
2 79833843
1 581763856
2 695149521
1 276701176
2 68117722
3
1 106417605
1 228849233
1 -618753611
3
2 -618753611
2 782341271
1 585945975
1 575746443
3
3
1 510288895
1 23238267
2 799227388
2 228849233
3
2 478830499
1 8306647
1 87894518
1 413360793
1 339022693
2 -789499964
3
1 91404818
1 791299586
3
2 106417605
3
1 484703764
1 649382797
1 101376690
1 341236769
1 76063272
2 91404818
2 734588281
3
3
1 810093038
2 101376690
1 151906820
3
2 510288895
1 750903500
2 575746443
3
2 76063272
1 -524859356
1 869720883
2 302295348
2 750903500
1 432380686
1 122730669
1 133663462
1 850581941
1 789826638
1 209280534
1 134107403
3
1 197795323
1 794334191
1 59689470
1 -443195312
1 500562113
1 171301894
3
2 23238267
2 276701176
1 215412430
3
2 810093038
3
1 12604706
1 970352752
2 413360793
3
1 534453094
3
1 -894999014
3
1 376658676
2 87894518
3
1 942178133
3
1 147242963
1 -869193066
1 832895870
1 404445859
1 79499012
1 227166653
1 788251969
1 225716358
1 623669278
2 -443195312
3
2 585945975
1 402225732
1 916772315
1 469259549
1 118516004
1 867537771
1 73365060
2 404445859
3
2 339022693
1 714829529
1 -345157610
1 774989179
1 402858599
1 240914738
1 606538185
2 714829529
1 846724300
1 927989882
1 397339356
1 102603292
3
1 919625776
1 36385106
1 105330004
3
1 531916095
1 309143121
1 493656767
3
2 953542878
3
1 159688191
2 -524859356
1 978071452
1 873591469
2 432380686
2 869720883
3
2 916772315
3
3
2 341236769
2 59689470
1 519106164
1 110922994
1 279133197
3
3
3
3
1 638097632
1 207963595
2 519106164
3
2 402225732
3
1 79691863
2 850581941
1 236765241
1 41955955
2 309143121
3
2 79691863
2 79499012
1 961823374
1 619753546
1 32265760
1 173109415
1 57855638
1 2609892
3
1 41793350
1 548084486
3
1 19386300
1 933311391
2 8306647
1 425638132
1 -844928561
1 79924171
2 12604706
2 110922994
3
1 787864193
1 122861642
2 500562113
1 708047481
2 397339356
1 572968822
3
2 41793350
3
1 947121039
3
1 951278097
2 215412430
1 118732502
2 755595164
2 787864193
1 906366642
3
3
2 32265760
2 919625776
3
2 236765241
1 783412416
1 37678797
1 102312837
1 43784240
2 774989179
2 279133197
2 171301894
1 69854704
1 440391989
2 970352752
1 228576432
1 484751585
1 701774617
1 106681653
2 159688191
2 197795323
1 400128776
1 930090202
1 494151052
3
1 800358329
2 942178133
1 -467597117
2 425638132
2 493656767
1 639590462
1 660605892
1 926952776
1 818850451
1 -809012809
3
2 440391989
2 -869193066
3
2 37678797
1 162012373
3
2 531916095
2 -439859749
1 -69282686
3
1 355733309
3
1 625818726
2 846724300
1 -684719496
1 187681132
2 -894999014
1 187198411
2 961823374
3
1 604976646
1 70533221
1 71025734
1 398353811
3
2 -809012809
3
3
2 228576432
2 69854704
2 41955955
1 747123887
1 541484456
2 36385106
3
3
1 629431214
2 947121039
1 924248612
3
1 379131890
2 43784240
1 119383393
2 73365060
2 118732502
2 102312837
1 918359425
1 922114513
1 -77260433
2 227166653
2 225716358
1 852016277
1 491935954
1 429470702
1 278220198
1 109106973
1 -23611717
2 122730669
1 476376843
1 578372554
1 414469276
3
2 494151052
1 508300478
1 446441370
1 350090442
1 697667620
3
3
1 39475670
1 37506634
2 541484456
1 433850101
1 125953776
2 118516004
3
1 36666949
2 924248612
2 788251969
1 -334972798
2 604976646
1 116846200
1 737212432
3
1 -562258093
2 606538185
2 240914738
2 57855638
2 278220198
3
1 197837358
2 36666949
3
1 227995408
1 728512490
2 491935954
3
1 555949245
3
3
3
2 555949245
1 729082281
1 601590603
2 581763856
3
1 983029214
3
1 252353537
3
3
1 450808118
2 629431214
2 852016277
3
3
1 584227251
1 271707230
1 898493607
1 642879142
1 441462548
1 561699006
2 376658676
2 271707230
3
2 898493607
2 794334191
3
3
1 962515756
1 825141935
3
3
3
3
3
1 572252949
2 39475670
3
1 429379830
1 449053734
2 572252949
1 -797964967
1 646991700
2 825141935
1 35062819
1 23052952
1 515876644
1 775595921
1 864098634
1 849137481
1 137213106
3
3
2 933311391
2 209280534
1 543387238
1 667130541
1 -47054615
3
1 517636371
3
1 776810777
1 752923111
1 404508290
1 229711159
1 635819584
3
1 440601643
1 476692446
1 346281430
2 -467597117
3
1 32704003
1 444127562
1 610399295
2 105330004
3
1 238661041
2 197837358
1 731702397
1 960124425
3
3
1 899312769
2 -69282686
1 159755208
3
1 778903459
2 402858599
1 198986229
3
2 355733309
1 198216730
1 602096130
2 930090202
1 334893204
1 -239025121
1 421135630
1 372809729
1 654195478
2 19386300
3
1 -65556146
1 844803577
2 187198411
1 121526268
2 791299586
1 370177859
1 531694248
1 122012690
3
2 572968822
1 742082961
1 63289127
1 455414225
2 978071452
1 931455211
2 867537771
1 981006839
2 450808118
1 86781177
3
2 927989882
3
1 314132738
1 557300016
1 518488060
1 257125281
3
2 -77260433
1 184150911
1 339972604
1 122531126
1 224688609
1 342623102
3
3
3
3
2 421135630
3
3
3
1 614060942
2 229711159
2 125953776
1 80859428
1 686023635
3
2 602096130
1 587527249
1 384204945
2 701774617
1 959417294
1 993723856
1 395603928
2 -334972798
1 487981179
1 267383878
2 639590462
1 980948394
1 503872335
3
1 871114356
1 464390543
1 414575300
2 931455211
1 890871054
1 773782263
1 831236269
2 918359425
2 610399295
2 198216730
1 84640495
1 65911238
1 649561005
2 623669278
3
1 633957313
1 518156519
2 789826638
3
2 487981179
3
1 563371222
1 627440681
1 246507201
2 531694248
2 184150911
1 230417245
1 426892164
1 -720881803
1 101283876
3
2 426892164
2 561699006
1 851614767
2 503872335
1 295568410
2 224688609
1 888147446
2 660605892
2 849137481
1 696192338
3
2 -844928561
2 775595921
3
1 999583164
2 476376843
2 370177859
1 628901822
1 346896634
3
2 563371222
1 -653920035
1 508040313
3
2 159755208
1 -695697771
2 -684719496
1 -931659817
2 831236269
2 162012373
1 556095239
1 566271623
1 94988748
2 993723856
2 134107403
2 -720881803
3
2 844803577
1 453659627
2 350090442
1 94965867
1 918639257
3
1 279726357
3
2 35062819
2 395603928
3
2 246507201
3
1 824291636
1 277314338
2 70533221
2 94988748
3
3
1 48178520
1 683061673
1 930508912
1 525586451
1 189681893
3
1 259245684
1 359026723
2 819150705
1 846709034
3
3
2 578372554
1 257544640
3
2 543387238
1 421068955
3
1 847513372
1 551445390
2 959417294
1 580113367
2 441462548
1 89370768
2 773782263
2 778903459
3
1 22043388
2 686023635
2 339972604
2 198986229
2 455414225
1 320890391
3
3
1 989801629
1 543815272
2 587527249
1 52285053
1 979412612
1 506008914
2 832895870
2 979412612
1 159029137
2 151906820
1 539930319
1 903917692
1 468320039
3
2 649382797
2 515876644
1 632073704
3
1 141505497
2 625818726
1 714991430
2 824291636
1 465716352
2 147242963
1 -657519271
1 829702218
1 -595319386
3
1 292925315
1 611831125
2 518156519
2 614060942
1 993949339
1 803187550
2 359026723
1 643244642
1 959260802
1 650111798
2 259245684
1 633400884
3
3
3
3
1 676761534
3
2 71025734
1 532149861
1 -714671004
1 572226982
3
1 -800674424
2 -65556146
2 776810777
3
2 449053734
1 466816219
2 829702218
3
1 -907304440
3
1 9039029
1 304615045
1 55607552
1 771542806
2 -47054615
1 993959511
1 818311217
3
1 793316072
2 -23611717
1 309288418
2 141505497
3
2 752923111
1 817956669
1 130896157
2 109106973
1 570984926
1 39299698
1 443649566
1 764032678
2 871114356
2 -239025121
3
3
1 606583462
3
1 546719239
3
1 293028863
2 534453094
2 818850451
1 -917487805
1 721006095
1 86195382
3
1 935657623
2 304615045
3
1 694881285
3
1 157210695
1 823831782
1 67364470
3
3
2 906366642
2 960124425
2 818311217
3
2 683061673
3
1 51097488
3
1 999434435
1 991252685
3
2 864098634
3
3
1 614415890
1 829922811
3
2 847513372
2 -345157610
3
2 466816219
1 938039047
3
2 903917692
1 113994302
1 -397628568
1 185049432
2 728512490
2 334893204
1 781266955
2 557300016
3
3
2 130896157
2 764032678
2 384204945
3
1 71506079
3
2 94965867
1 363066435
3
1 228435602
1 806191077
3
2 207963595
1 492568587
2 783412416
1 289323428
2 737212432
3
3
2 227995408
2 157210695
2 116846200
1 340011556
3
1 694216025
1 965557113
1 552063995
1 294068782
1 414908360
1 928231356
1 900270096
1 458647715
3
1 23386922
2 84640495
3
1 390737784
2 633957313
1 190650973
1 970926062
1 731547247
1 560974852
3
1 220497070
3
3
1 75007267
2 492568587
1 191797112
1 549058505
2 667130541
3
2 187681132
2 -907304440
1 896091264
1 784880693
3
1 -972155888
1 604211682
2 320890391
3
1 922259972
3
1 -984115601
3
1 83723080
1 475401792
2 632073704
1 244490375
3
1 422955482
2 23052952
2 122012690
1 429816940
3
3
2 2609892
1 94552625
2 444127562
2 79924171
2 747123887
2 890871054
1 305047038
2 32704003
1 196723477
3
1 806179129
2 121526268
2 -653920035
1 572095572
1 45951905
2 983029214
1 -554289174
1 -672545597
3
1 486798580
1 685578143
2 -984115601
1 336755071
1 262293546
1 21277324
2 508040313
1 724820246
2 404508290
1 200636985
1 45252924
2 106681653
3
2 191797112
1 787032830
1 660535123
3
1 491250005
3
2 252353537
1 221338857
2 572226982
2 649561005
1 501572134
1 919608297
2 465716352
1 859041075
1 -808337956
2 314132738
1 957693707
1 944692245
1 710061575
2 346896634
1 -172653413
1 67824391
1 889308022
3
2 724820246
1 238238462
2 221338857
3
2 63289127
2 532149861
1 945228722
2 468320039
3
1 581262999
1 193290498
2 122861642
2 80859428
1 448792447
1 48957521
2 580113367
1 688475434
1 26314023
1 258528424
1 661210526
1 775612497
2 277314338
1 542291744
2 991252685
1 -88995552
2 829922811
1 239869258
2 379131890
2 694881285
1 874450045
1 73132293
1 460450056
1 994066581
1 929388655
1 301389080
1 469708666
2 793316072
3
2 918639257
3
1 739396333
2 89370768
2 52285053
1 321387593
1 665954534
2 710061575
1 5724470
1 650239251
1 543216412
1 57515583
1 -568960350
3
